-------------------------
		x			y
------------------------
	0.000000	0.000000
	0.010000	0.000000
	0.020000	0.000000
	0.030000	0.000001
	0.040000	0.000003
	0.050000	0.000006
	0.060000	0.000013
	0.070000	0.000024
	0.080000	0.000041
	0.090000	0.000065
	0.100000	0.000100
	0.110000	0.000146
	0.120000	0.000206
	0.130000	0.000284
	0.140000	0.000382
	0.150000	0.000502
	0.160000	0.000650
	0.170000	0.000827
	0.180000	0.001038
	0.190000	0.001288
	0.200000	0.001579
	0.210000	0.001916
	0.220000	0.002305
	0.230000	0.002749
	0.240000	0.003255
	0.250000	0.003826
	0.260000	0.004468
	0.270000	0.005187
	0.280000	0.005988
	0.290000	0.006877
	0.300000	0.007860
	0.310000	0.008943
	0.320000	0.010133
	0.330000	0.011435
	0.340000	0.012856
	0.350000	0.014403
	0.360000	0.016083
	0.370000	0.017902
	0.380000	0.019867
	0.390000	0.021985
	0.400000	0.024263
	0.410000	0.026709
	0.420000	0.029330
	0.430000	0.032132
	0.440000	0.035124
	0.450000	0.038312
	0.460000	0.041704
	0.470000	0.045308
	0.480000	0.049130
	0.490000	0.053179
	0.500000	0.057462
	0.510000	0.061986
	0.520000	0.066759
	0.530000	0.071788
	0.540000	0.077080
	0.550000	0.082644
	0.560000	0.088485
	0.570000	0.094612
	0.580000	0.101031
	0.590000	0.107750
	0.600000	0.114776
	0.610000	0.122115
	0.620000	0.129774
	0.630000	0.137761
	0.640000	0.146081
	0.650000	0.154741
	0.660000	0.163747
	0.670000	0.173106
	0.680000	0.182824
	0.690000	0.192906
	0.700000	0.203358
	0.710000	0.214186
	0.720000	0.225394
	0.730000	0.236989
	0.740000	0.248974
	0.750000	0.261355
	0.760000	0.274136
	0.770000	0.287322
	0.780000	0.300916
	0.790000	0.314922
	0.800000	0.329344
	0.810000	0.344185
	0.820000	0.359448
	0.830000	0.375135
	0.840000	0.391251
	0.850000	0.407795
	0.860000	0.424771
	0.870000	0.442180
	0.880000	0.460023
	0.890000	0.478302
	0.900000	0.497017
	0.910000	0.516168
	0.920000	0.535756
	0.930000	0.555780
	0.940000	0.576240
	0.950000	0.597134
	0.960000	0.618463
	0.970000	0.640223
	0.980000	0.662413
	0.990000	0.685031
	1.000000	0.708073
	1.010000	0.731538
	1.020000	0.755422
	1.030000	0.779721
	1.040000	0.804430
	1.050000	0.829546
	1.060000	0.855064
	1.070000	0.880978
	1.080000	0.907284
	1.090000	0.933974
	1.100000	0.961043
	1.110000	0.988484
	1.120000	1.016291
	1.130000	1.044455
	1.140000	1.072969
	1.150000	1.101825
	1.160000	1.131014
	1.170000	1.160528
	1.180000	1.190358
	1.190000	1.220493
	1.200000	1.250923
	1.210000	1.281640
	1.220000	1.312631
	1.230000	1.343887
	1.240000	1.375395
	1.250000	1.407143
	1.260000	1.439121
	1.270000	1.471316
	1.280000	1.503714
	1.290000	1.536304
	1.300000	1.569071
	1.310000	1.602002
	1.320000	1.635084
	1.330000	1.668301
	1.340000	1.701640
	1.350000	1.735086
	1.360000	1.768623
	1.370000	1.802237
	1.380000	1.835911
	1.390000	1.869630
	1.400000	1.903378
	1.410000	1.937138
	1.420000	1.970895
	1.430000	2.004630
	1.440000	2.038327
	1.450000	2.071970
	1.460000	2.105540
	1.470000	2.139020
	1.480000	2.172392
	1.490000	2.205639
	1.500000	2.238742
	1.510000	2.271683
	1.520000	2.304444
	1.530000	2.337006
	1.540000	2.369351
	1.550000	2.401461
	1.560000	2.433316
	1.570000	2.464898
	1.580000	2.496189
	1.590000	2.527168
	1.600000	2.557817
	1.610000	2.588118
	1.620000	2.618051
	1.630000	2.647598
	1.640000	2.676740
	1.650000	2.705457
	1.660000	2.733731
	1.670000	2.761543
	1.680000	2.788875
	1.690000	2.815708
	1.700000	2.842023
	1.710000	2.867803
	1.720000	2.893028
	1.730000	2.917681
	1.740000	2.941744
	1.750000	2.965199
	1.760000	2.988029
	1.770000	3.010216
	1.780000	3.031742
	1.790000	3.052592
	1.800000	3.072749
	1.810000	3.092195
	1.820000	3.110915
	1.830000	3.128893
	1.840000	3.146114
	1.850000	3.162561
	1.860000	3.178221
	1.870000	3.193079
	1.880000	3.207120
	1.890000	3.220330
	1.900000	3.232697
	1.910000	3.244206
	1.920000	3.254846
	1.930000	3.264605
	1.940000	3.273469
	1.950000	3.281429
	1.960000	3.288472
	1.970000	3.294590
	1.980000	3.299771
	1.990000	3.304006
	2.000000	3.307287
	2.010000	3.309605
	2.020000	3.310952
	2.030000	3.311321
	2.040000	3.310706
	2.050000	3.309099
	2.060000	3.306495
	2.070000	3.302890
	2.080000	3.298279
	2.090000	3.292659
	2.100000	3.286025
	2.110000	3.278376
	2.120000	3.269710
	2.130000	3.260025
	2.140000	3.249320
	2.150000	3.237597
	2.160000	3.224856
	2.170000	3.211097
	2.180000	3.196324
	2.190000	3.180539
	2.200000	3.163746
	2.210000	3.145948
	2.220000	3.127151
	2.230000	3.107361
	2.240000	3.086584
	2.250000	3.064827
	2.260000	3.042098
	2.270000	3.018405
	2.280000	2.993758
	2.290000	2.968167
	2.300000	2.941643
	2.310000	2.914198
	2.320000	2.885843
	2.330000	2.856592
	2.340000	2.826459
	2.350000	2.795458
	2.360000	2.763605
	2.370000	2.730916
	2.380000	2.697407
	2.390000	2.663097
	2.400000	2.628003
	2.410000	2.592145
	2.420000	2.555543
	2.430000	2.518217
	2.440000	2.480188
	2.450000	2.441480
	2.460000	2.402114
	2.470000	2.362114
	2.480000	2.321504
	2.490000	2.280309
	2.500000	2.238556
	2.510000	2.196269
	2.520000	2.153478
	2.530000	2.110208
	2.540000	2.066489
	2.550000	2.022350
	2.560000	1.977820
	2.570000	1.932930
	2.580000	1.887711
	2.590000	1.842195
	2.600000	1.796414
	2.610000	1.750400
	2.620000	1.704188
	2.630000	1.657811
	2.640000	1.611305
	2.650000	1.564703
	2.660000	1.518043
	2.670000	1.471360
	2.680000	1.424691
	2.690000	1.378073
	2.700000	1.331544
	2.710000	1.285143
	2.720000	1.238908
	2.730000	1.192878
	2.740000	1.147093
	2.750000	1.101592
	2.760000	1.056417
	2.770000	1.011607
	2.780000	0.967203
	2.790000	0.923248
	2.800000	0.879782
	2.810000	0.836847
	2.820000	0.794487
	2.830000	0.752742
	2.840000	0.711657
	2.850000	0.671273
	2.860000	0.631634
	2.870000	0.592782
	2.880000	0.554762
	2.890000	0.517617
	2.900000	0.481390
	2.910000	0.446126
	2.920000	0.411866
	2.930000	0.378656
	2.940000	0.346540
	2.950000	0.315559
	2.960000	0.285760
	2.970000	0.257184
	2.980000	0.229875
	2.990000	0.203878
	3.000000	0.179234
	3.010000	0.155987
	3.020000	0.134180
	3.030000	0.113855
	3.040000	0.095055
	3.050000	0.077823
	3.060000	0.062199
	3.070000	0.048225
	3.080000	0.035943
	3.090000	0.025393
	3.100000	0.016615
	3.110000	0.009650
	3.120000	0.004538
	3.130000	0.001317
	3.140000	0.000025
	3.150000	0.000701
	3.160000	0.003383
	3.170000	0.008107
	3.180000	0.014910
	3.190000	0.023827
	3.200000	0.034893
	3.210000	0.048144
	3.220000	0.063611
	3.230000	0.081330
	3.240000	0.101331
	3.250000	0.123647
	3.260000	0.148307
	3.270000	0.175342
	3.280000	0.204782
	3.290000	0.236653
	3.300000	0.270984
	3.310000	0.307800
	3.320000	0.347127
	3.330000	0.388991
	3.340000	0.433413
	3.350000	0.480418
	3.360000	0.530025
	3.370000	0.582257
	3.380000	0.637131
	3.390000	0.694667
	3.400000	0.754883
	3.410000	0.817793
	3.420000	0.883413
	3.430000	0.951757
	3.440000	1.022837
	3.450000	1.096666
	3.460000	1.173253
	3.470000	1.252608
	3.480000	1.334738
	3.490000	1.419650
	3.500000	1.507349
	3.510000	1.597839
	3.520000	1.691124
	3.530000	1.787204
	3.540000	1.886080
	3.550000	1.987750
	3.560000	2.092213
	3.570000	2.199463
	3.580000	2.309496
	3.590000	2.422306
	3.600000	2.537883
	3.610000	2.656220
	3.620000	2.777304
	3.630000	2.901124
	3.640000	3.027667
	3.650000	3.156916
	3.660000	3.288856
	3.670000	3.423469
	3.680000	3.560735
	3.690000	3.700634
	3.700000	3.843144
	3.710000	3.988240
	3.720000	4.135898
	3.730000	4.286091
	3.740000	4.438792
	3.750000	4.593970
	3.760000	4.751596
	3.770000	4.911637
	3.780000	5.074059
	3.790000	5.238826
	3.800000	5.405904
	3.810000	5.575253
	3.820000	5.746834
	3.830000	5.920607
	3.840000	6.096530
	3.850000	6.274558
	3.860000	6.454647
	3.870000	6.636751
	3.880000	6.820822
	3.890000	7.006812
	3.900000	7.194669
	3.910000	7.384343
	3.920000	7.575780
	3.930000	7.768926
	3.940000	7.963727
	3.950000	8.160124
	3.960000	8.358061
	3.970000	8.557478
	3.980000	8.758315
	3.990000	8.960510
	4.000000	9.164000
	4.010000	9.368723
	4.020000	9.574612
	4.030000	9.781603
	4.040000	9.989627
	4.050000	10.198616
	4.060000	10.408503
	4.070000	10.619216
	4.080000	10.830684
	4.090000	11.042835
	4.100000	11.255597
	4.110000	11.468895
	4.120000	11.682654
	4.130000	11.896800
	4.140000	12.111256
	4.150000	12.325944
	4.160000	12.540787
	4.170000	12.755706
	4.180000	12.970622
	4.190000	13.185456
	4.200000	13.400126
	4.210000	13.614552
	4.220000	13.828651
	4.230000	14.042342
	4.240000	14.255543
	4.250000	14.468170
	4.260000	14.680140
	4.270000	14.891368
	4.280000	15.101772
	4.290000	15.311267
	4.300000	15.519767
	4.310000	15.727188
	4.320000	15.933446
	4.330000	16.138454
	4.340000	16.342128
	4.350000	16.544383
	4.360000	16.745133
	4.370000	16.944293
	4.380000	17.141777
	4.390000	17.337501
	4.400000	17.531380
	4.410000	17.723329
	4.420000	17.913264
	4.430000	18.101100
	4.440000	18.286753
	4.450000	18.470140
	4.460000	18.651178
	4.470000	18.829785
	4.480000	19.005877
	4.490000	19.179374
	4.500000	19.350194
	4.510000	19.518257
	4.520000	19.683483
	4.530000	19.845793
	4.540000	20.005109
	4.550000	20.161353
	4.560000	20.314449
	4.570000	20.464320
	4.580000	20.610893
	4.590000	20.754092
	4.600000	20.893846
	4.610000	21.030081
	4.620000	21.162728
	4.630000	21.291716
	4.640000	21.416978
	4.650000	21.538446
	4.660000	21.656054
	4.670000	21.769737
	4.680000	21.879431
	4.690000	21.985076
	4.700000	22.086610
	4.710000	22.183973
	4.720000	22.277109
	4.730000	22.365962
	4.740000	22.450476
	4.750000	22.530598
	4.760000	22.606278
	4.770000	22.677466
	4.780000	22.744113
	4.790000	22.806174
	4.800000	22.863604
	4.810000	22.916361
	4.820000	22.964403
	4.830000	23.007692
	4.840000	23.046190
	4.850000	23.079864
	4.860000	23.108679
	4.870000	23.132605
	4.880000	23.151613
	4.890000	23.165675
	4.900000	23.174767
	4.910000	23.178867
	4.920000	23.177952
	4.930000	23.172005
	4.940000	23.161011
	4.950000	23.144953
	4.960000	23.123821
	4.970000	23.097606
	4.980000	23.066299
	4.990000	23.029896
	5.000000	22.988394
	5.010000	22.941793
	5.020000	22.890094
	5.030000	22.833303
	5.040000	22.771425
	5.050000	22.704470
	5.060000	22.632449
	5.070000	22.555377
	5.080000	22.473269
	5.090000	22.386145
	5.100000	22.294025
	5.110000	22.196933
	5.120000	22.094896
	5.130000	21.987942
	5.140000	21.876102
	5.150000	21.759409
	5.160000	21.637900
	5.170000	21.511614
	5.180000	21.380590
	5.190000	21.244872
	5.200000	21.104507
	5.210000	20.959543
	5.220000	20.810030
	5.230000	20.656021
	5.240000	20.497573
	5.250000	20.334743
	5.260000	20.167593
	5.270000	19.996184
	5.280000	19.820582
	5.290000	19.640856
	5.300000	19.457075
	5.310000	19.269311
	5.320000	19.077640
	5.330000	18.882138
	5.340000	18.682886
	5.350000	18.479964
	5.360000	18.273456
	5.370000	18.063450
	5.380000	17.850032
	5.390000	17.633295
	5.400000	17.413330
	5.410000	17.190233
	5.420000	16.964100
	5.430000	16.735030
	5.440000	16.503125
	5.450000	16.268488
	5.460000	16.031223
	5.470000	15.791438
	5.480000	15.549242
	5.490000	15.304746
	5.500000	15.058061
	5.510000	14.809303
	5.520000	14.558588
	5.530000	14.306033
	5.540000	14.051758
	5.550000	13.795885
	5.560000	13.538535
	5.570000	13.279834
	5.580000	13.019906
	5.590000	12.758880
	5.600000	12.496884
	5.610000	12.234047
	5.620000	11.970501
	5.630000	11.706379
	5.640000	11.441813
	5.650000	11.176940
	5.660000	10.911894
	5.670000	10.646813
	5.680000	10.381834
	5.690000	10.117097
	5.700000	9.852741
	5.710000	9.588906
	5.720000	9.325735
	5.730000	9.063367
	5.740000	8.801948
	5.750000	8.541618
	5.760000	8.282523
	5.770000	8.024805
	5.780000	7.768611
	5.790000	7.514083
	5.800000	7.261368
	5.810000	7.010611
	5.820000	6.761957
	5.830000	6.515551
	5.840000	6.271539
	5.850000	6.030067
	5.860000	5.791279
	5.870000	5.555322
	5.880000	5.322338
	5.890000	5.092474
	5.900000	4.865873
	5.910000	4.642678
	5.920000	4.423034
	5.930000	4.207082
	5.940000	3.994965
	5.950000	3.786823
	5.960000	3.582797
	5.970000	3.383027
	5.980000	3.187650
	5.990000	2.996806
	6.000000	2.810629
	6.010000	2.629255
	6.020000	2.452820
	6.030000	2.281455
	6.040000	2.115292
	6.050000	1.954462
	6.060000	1.799092
	6.070000	1.649311
	6.080000	1.505244
	6.090000	1.367015
	6.100000	1.234746
	6.110000	1.108557
	6.120000	0.988568
	6.130000	0.874894
	6.140000	0.767651
	6.150000	0.666950
	6.160000	0.572903
	6.170000	0.485618
	6.180000	0.405201
	6.190000	0.331756
	6.200000	0.265384
	6.210000	0.206184
	6.220000	0.154253
	6.230000	0.109686
	6.240000	0.072572
	6.250000	0.043002
	6.260000	0.021062
	6.270000	0.006834
	6.280000	0.000400
	6.290000	0.001837
	6.300000	0.011221
	6.310000	0.028622
	6.320000	0.054110
	6.330000	0.087751
	6.340000	0.129608
	6.350000	0.179740
	6.360000	0.238204
	6.370000	0.305052
	6.380000	0.380335
	6.390000	0.464100
	6.400000	0.556389
	6.410000	0.657243
	6.420000	0.766698
	6.430000	0.884786
	6.440000	1.011539
	6.450000	1.146980
	6.460000	1.291134
	6.470000	1.444018
	6.480000	1.605647
	6.490000	1.776034
	6.500000	1.955187
	6.510000	2.143108
	6.520000	2.339800
	6.530000	2.545257
	6.540000	2.759474
	6.550000	2.982440
	6.560000	3.214139
	6.570000	3.454554
	6.580000	3.703661
	6.590000	3.961436
	6.600000	4.227847
	6.610000	4.502862
	6.620000	4.786442
	6.630000	5.078545
	6.640000	5.379127
	6.650000	5.688137
	6.660000	6.005524
	6.670000	6.331229
	6.680000	6.665191
	6.690000	7.007347
	6.700000	7.357626
	6.710000	7.715957
	6.720000	8.082264
	6.730000	8.456465
	6.740000	8.838478
	6.750000	9.228214
	6.760000	9.625581
	6.770000	10.030485
	6.780000	10.442825
	6.790000	10.862501
	6.800000	11.289404
	6.810000	11.723424
	6.820000	12.164449
	6.830000	12.612360
	6.840000	13.067037
	6.850000	13.528354
	6.860000	13.996184
	6.870000	14.470396
	6.880000	14.950854
	6.890000	15.437420
	6.900000	15.929952
	6.910000	16.428305
	6.920000	16.932332
	6.930000	17.441880
	6.940000	17.956794
	6.950000	18.476918
	6.960000	19.002090
	6.970000	19.532146
	6.980000	20.066920
	6.990000	20.606242
	7.000000	21.149938
	7.010000	21.697835
	7.020000	22.249753
	7.030000	22.805512
	7.040000	23.364929
	7.050000	23.927818
	7.060000	24.493990
	7.070000	25.063255
	7.080000	25.635420
	7.090000	26.210289
	7.100000	26.787665
	7.110000	27.367349
	7.120000	27.949139
	7.130000	28.532831
	7.140000	29.118219
	7.150000	29.705098
	7.160000	30.293257
	7.170000	30.882486
	7.180000	31.472573
	7.190000	32.063305
	7.200000	32.654466
	7.210000	33.245840
	7.220000	33.837210
	7.230000	34.428357
	7.240000	35.019062
	7.250000	35.609103
	7.260000	36.198260
	7.270000	36.786311
	7.280000	37.373031
	7.290000	37.958199
	7.300000	38.541590
	7.310000	39.122980
	7.320000	39.702143
	7.330000	40.278856
	7.340000	40.852894
	7.350000	41.424031
	7.360000	41.992043
	7.370000	42.556705
	7.380000	43.117793
	7.390000	43.675083
	7.400000	44.228351
	7.410000	44.777375
	7.420000	45.321931
	7.430000	45.861800
	7.440000	46.396760
	7.450000	46.926592
	7.460000	47.451077
	7.470000	47.969998
	7.480000	48.483138
	7.490000	48.990284
	7.500000	49.491223
	7.510000	49.985741
	7.520000	50.473630
	7.530000	50.954682
	7.540000	51.428690
	7.550000	51.895449
	7.560000	52.354758
	7.570000	52.806417
	7.580000	53.250227
	7.590000	53.685994
	7.600000	54.113524
	7.610000	54.532627
	7.620000	54.943115
	7.630000	55.344802
	7.640000	55.737508
	7.650000	56.121052
	7.660000	56.495258
	7.670000	56.859953
	7.680000	57.214967
	7.690000	57.560134
	7.700000	57.895289
	7.710000	58.220274
	7.720000	58.534931
	7.730000	58.839108
	7.740000	59.132656
	7.750000	59.415431
	7.760000	59.687289
	7.770000	59.948095
	7.780000	60.197715
	7.790000	60.436019
	7.800000	60.662883
	7.810000	60.878186
	7.820000	61.081811
	7.830000	61.273647
	7.840000	61.453585
	7.850000	61.621523
	7.860000	61.777362
	7.870000	61.921009
	7.880000	62.052374
	7.890000	62.171374
	7.900000	62.277928
	7.910000	62.371963
	7.920000	62.453409
	7.930000	62.522201
	7.940000	62.578280
	7.950000	62.621591
	7.960000	62.652087
	7.970000	62.669721
	7.980000	62.674457
	7.990000	62.666261
	8.000000	62.645103
	8.010000	62.610963
	8.020000	62.563823
	8.030000	62.503670
	8.040000	62.430498
	8.050000	62.344308
	8.060000	62.245103
	8.070000	62.132893
	8.080000	62.007695
	8.090000	61.869530
	8.100000	61.718425
	8.110000	61.554412
	8.120000	61.377530
	8.130000	61.187823
	8.140000	60.985341
	8.150000	60.770138
	8.160000	60.542276
	8.170000	60.301821
	8.180000	60.048845
	8.190000	59.783427
	8.200000	59.505650
	8.210000	59.215604
	8.220000	58.913382
	8.230000	58.599086
	8.240000	58.272821
	8.250000	57.934700
	8.260000	57.584839
	8.270000	57.223361
	8.280000	56.850395
	8.290000	56.466074
	8.300000	56.070537
	8.310000	55.663929
	8.320000	55.246399
	8.330000	54.818104
	8.340000	54.379204
	8.350000	53.929864
	8.360000	53.470256
	8.370000	53.000556
	8.380000	52.520945
	8.390000	52.031609
	8.400000	51.532741
	8.410000	51.024535
	8.420000	50.507194
	8.430000	49.980923
	8.440000	49.445933
	8.450000	48.902439
	8.460000	48.350662
	8.470000	47.790826
	8.480000	47.223160
	8.490000	46.647897
	8.500000	46.065276
	8.510000	45.475537
	8.520000	44.878927
	8.530000	44.275697
	8.540000	43.666100
	8.550000	43.050394
	8.560000	42.428841
	8.570000	41.801706
	8.580000	41.169259
	8.590000	40.531771
	8.600000	39.889520
	8.610000	39.242783
	8.620000	38.591844
	8.630000	37.936987
	8.640000	37.278502
	8.650000	36.616680
	8.660000	35.951814
	8.670000	35.284201
	8.680000	34.614142
	8.690000	33.941936
	8.700000	33.267889
	8.710000	32.592307
	8.720000	31.915497
	8.730000	31.237770
	8.740000	30.559438
	8.750000	29.880814
	8.760000	29.202214
	8.770000	28.523954
	8.780000	27.846352
	8.790000	27.169728
	8.800000	26.494402
	8.810000	25.820694
	8.820000	25.148927
	8.830000	24.479424
	8.840000	23.812506
	8.850000	23.148499
	8.860000	22.487726
	8.870000	21.830510
	8.880000	21.177175
	8.890000	20.528046
	8.900000	19.883445
	8.910000	19.243695
	8.920000	18.609120
	8.930000	17.980040
	8.940000	17.356777
	8.950000	16.739650
	8.960000	16.128979
	8.970000	15.525080
	8.980000	14.928270
	8.990000	14.338863
	9.000000	13.757173
	9.010000	13.183511
	9.020000	12.618184
	9.030000	12.061501
	9.040000	11.513767
	9.050000	10.975283
	9.060000	10.446350
	9.070000	9.927265
	9.080000	9.418322
	9.090000	8.919813
	9.100000	8.432026
	9.110000	7.955247
	9.120000	7.489758
	9.130000	7.035836
	9.140000	6.593758
	9.150000	6.163795
	9.160000	5.746213
	9.170000	5.341276
	9.180000	4.949244
	9.190000	4.570371
	9.200000	4.204908
	9.210000	3.853102
	9.220000	3.515193
	9.230000	3.191420
	9.240000	2.882013
	9.250000	2.587201
	9.260000	2.307204
	9.270000	2.042241
	9.280000	1.792522
	9.290000	1.558253
	9.300000	1.339635
	9.310000	1.136864
	9.320000	0.950127
	9.330000	0.779610
	9.340000	0.625488
	9.350000	0.487934
	9.360000	0.367112
	9.370000	0.263182
	9.380000	0.176297
	9.390000	0.106602
	9.400000	0.054237
	9.410000	0.019336
	9.420000	0.002026
	9.430000	0.002425
	9.440000	0.020647
	9.450000	0.056798
	9.460000	0.110977
	9.470000	0.183275
	9.480000	0.273779
	9.490000	0.382565
	9.500000	0.509704
	9.510000	0.655259
	9.520000	0.819287
	9.530000	1.001834
	9.540000	1.202943
	9.550000	1.422647
	9.560000	1.660971
	9.570000	1.917935
	9.580000	2.193547
	9.590000	2.487813
	9.600000	2.800726
	9.610000	3.132275
	9.620000	3.482440
	9.630000	3.851191
	9.640000	4.238494
	9.650000	4.644305
	9.660000	5.068573
	9.670000	5.511238
	9.680000	5.972233
	9.690000	6.451484
	9.700000	6.948908
	9.710000	7.464413
	9.720000	7.997902
	9.730000	8.549269
	9.740000	9.118398
	9.750000	9.705170
	9.760000	10.309453
	9.770000	10.931110
	9.780000	11.569997
	9.790000	12.225960
	9.800000	12.898840
	9.810000	13.588467
	9.820000	14.294667
	9.830000	15.017256
	9.840000	15.756043
	9.850000	16.510830
	9.860000	17.281413
	9.870000	18.067577
	9.880000	18.869103
	9.890000	19.685764
	9.900000	20.517325
	9.910000	21.363544
	9.920000	22.224173
	9.930000	23.098957
	9.940000	23.987633
	9.950000	24.889932
	9.960000	25.805578
	9.970000	26.734290
	9.980000	27.675778
	9.990000	28.629748
	10.000000	29.595897
