176.276000000000
178.054000000000
179.324000000000
173.736000000000
185.420000000000
173.228000000000
181.102000000000
176.784000000000
177.292000000000
180.086000000000
176.276000000000
177.546000000000
178.308000000000
172.974000000000
179.578000000000
184.658000000000
176.022000000000
181.864000000000
180.086000000000
177.546000000000
174.498000000000
180.848000000000
176.022000000000
174.498000000000
180.594000000000
183.134000000000
179.832000000000
183.388000000000
175.768000000000
180.594000000000
181.102000000000
178.562000000000
182.372000000000
180.594000000000
171.450000000000
176.530000000000
173.736000000000
180.848000000000
183.642000000000
177.546000000000
177.038000000000
176.022000000000
171.958000000000
181.864000000000
181.610000000000
175.514000000000
178.308000000000
176.276000000000
180.848000000000
170.434000000000